1326  661  667 1441   89  163 1364 1407   95  559  486 1084 1569 1181
 1144  469   91 1777 1183 2001  784 1567 1938  800  403 1216  397  426
  617  757  644  752  897 1123 1081 1005 1118 1080  729  727   57  971
  129 1913  919  975 1740 1452  343 1360 1853  598 1141   10 1451  695
  216   25  514 1663 1570  137 1254  189  763  254  466   59  672 1772
 1030 1214  900  585  185  584  261  102 1163 1921 1026 1062 1391 1069
  619 1440 1076  920 1113  723 1936   79  875 1067  106  687  503  945
  565 1977 1191 1472 1548 1683   60  198  378 1264   61   67 1693  476
 1255  934 1948 1003 1228 1047  715  382 1631  820  457  717 1213  110
  771  362  853  638 1582 1908  913  125  367 1201 1613 1614   23 1187
 1588  594   52 1251  126    6  930  988  159  109  840  838 2006  475
  287 1145  898 1554  248 1651  836  720  115 1196  956 1488  149 1858
 1265 1905  917 1919 1288 1751   63   65 1563 1253    9 1787 1035 1468
  192  484  490  847 1669 1507  361  428  502  915  453  671 1058 1535
  456   85 1697  487