1916 1917 1918 1920 1922 1923 1672 1498
330 926 1957 1482 1509 358 464 54 100 1465 96 98 73 113 1242
1597 280 1127 174 1982 1319 1331 1581 1256 737 326 953 639 1110 933
180 1083 151 522 133 923 307 1078 1204 1608 1843
1712 533 247 1887 1135 586 1536 1361 744
312 1553 1615 1657 1660 1947 1109 386
1823 488 236 1611 43 1421 315
806 713 1559 1241 1085 398 1463
793 410 1104 804 693 1975 615
1443 1261 1934 232 968 1686 965 144 595 1809 681 1207 676 1850 732
1511 552 1991 181 1469 1345 1506
1898 1896 496 1202 507 501
686 1633 1619 1622 1624 1626 1134 1688 1551
323 155 322 158 324 157 160 327 1665
1302 741 92 604 1863 1774 633 1524 1237 196 461 164 81 1870 792 223 429 1592 427 534 1575 1792 1653 563 431 350 1184 1270 1268 1584
375 876 369 372 365 366
1247 1205 1568 1528 1707 1529 1713
514 378 1254 1936 65 1230 126 1998 1582 153 836 1208 672 1468 1097 321 800 975 749 1214 752 453 988 1081 913 1532 1358 1441 1570 1569 1113 1058 1595 720 203 964 882 476 240 397 784 1744 402 1743 1604 1264 1259 1067 79 1033 2001 185 254 23 19 1163 21 1076 472 1693 692 1921 894 1472 1089 1977 1451 1772 1145 1742 1617 680 216 1265 1253 1158 1662 40 1697 1251 1753 695 1938 610 163 1196 1290 1005 2007 192 729 898 619 1787 559 1364 1953 1069 1144 115 503 1080 60 59 1262 1520 727 1669 956 1062 875 1228 1587 85 271 10 67 1118 1567 900 1530 644 477 1216 2006 109 1181 1191 1183 1021 757 484 617 874 1115 1631 717 102 252 976 490 840 838 1948 1913 934 1201 1908 63 95 1452 895 361 1507 1391 1919 1402 630 308 853 808 594 1588 1288 1683 189 475 598 487 820 343 584 919 25 359 847 159 456 1440 457 1717 1495 57 1777 1535 198 805 129 868 585 547 362 1213 1141 1740 865 3 1548 110 553 1279 426 1003 1278 462 137 715 1047 917 1751 671 1407 479 977 502 1554 771 1813 1084 930 1334 723 945 1637 1853 1763 1761 1367 367 1103 125 1976 1123 701 1858 251 1326 382 763 106 1651 9 1035 1488 971 565 1026 1663 1360 1186 638 469 1187 486 920 980 231 1388 1030 287 1255 261 687 642 403 1752 661 248 149 91 89 52 1614 1613 466 678 679 1905 430 61 344 1741
786 1001 82 1847 983 205
1114 1552 1172 1175 305 1024 1462 1467 1025
1775 80 262 616 777 212 215
1547 1258 1343 1079 346 603 972 1423 849 1427 1453
242 1805 1094 1455 1377 1937
162 1117 1019 112 387 542
1649 1189 1769 408 1233 779
1131 33 1897 35 34 29
883 880 405 682 885 884
1821 1426 28 423 420 422 313 766
78 1861 1857 103 816 132 1413
1252 576 1561 1316 1315 1591 1586
1579 1671 1492 1 454 1577 267 532 1342 15 1738 1983 1439 218 331 14 434 2008 206 1668 1856 1229
1603 1910 677 562 117 118 888 1926 1527
1791 1789 1808 1807 1806 276
905 44 1387 412 99 740 1659 1888 1318 1878 1709 870 711 587 199 210 782 1405 1503 655 165 575 20 1335 901 736 1054
1320 600 1470 1681 1362 1531 1980 170 1650 1822
411 1986 1985 1994 1993 1990 1240
2004 1704 284 116 675 4 497
629 623 622 627 625 620
1950 1984 539 64 508 966 826 314 1120 492 494 557 172 1306 233 893
722 543 1013 347 1310 8 646
1517 1968 788 1295 1250 1935 1417
1810 1222 1734 37 607 1073 1095 379 171 1599 858 190
275 274 1018 391 1480 1476 83 1771 1770 1277 1458 360 540 355 1574 707 1970 708 1456 296 1817 24
318 1656 951 1243 823 285 241
938 940 1479 1475 1477 947 1478
1142 1799 903 1797 1136 1137 1645 548
309 1676 984 981 982 986
1954 1565 186 1564 187 188 746 803 316 1766 1892
513 1949 1952 143 1000 1223
1538 721 139 56 1539 141
122 731 866 348 338 785 154 1126 234 590 51
1516 385 1454 1042 1061 381 1513 1661 742
1706 36 317 1555 1811 202 1643 1580
809 1075 1161 1549 1489 520
18 16 1573 363 416 755
1684 567 1481 1430 1641 74 1359 193 72 596
1999 150 914 134 719 531 124 712 582
394 227 1987 237 718 1096 669 716
290 1543 1909 340 68 1872 407 1044 878 1925 1432 1032 1859 332 1526 392
970 459 962 967 1780 969 173 1906 310 700 1995 1112 651 1232 654 1596 1332 1816 974 1197 1266 428 921 1728 1400 1185 1640 1401 7 1459 997 1978 445 447 1537 674 1578 1560
1418 1415 1414 961 952 1419
1303 924 1460 1166 333 1434
1411 225 1490 1497 226 1820
818 364 388 409 390 1056 393 1060 859 1128 1125 751
1525 1959 1461 491 1433 1487 1309 807
1514 1515 395 1425 857 1424 1563 120 754 111 6 915 525 1585
1484 2002 566 1644 442 1483
1746 48 200 197 1625 1623 1839 1616 538 1652 845 1620 578 583 580 570 1182 574 581 572 605 415 1284 1282 1638 1178 1280 1180 577 1281 995 1173 1176 1168 1170 1165 1167
444 1304 1209 1550 1801 1646
796 1593 1040 850 896 851 992 864 852
549 706 239 571 244 1682 835
1687 130 1373 353 1385 1378
383 336 334 335 1630 521
1679 1678 1677 1007 1396 1392
50 31 39 42 709 1389 176
450 448 996 1854 1051 1444 1053
523 1238 529 527 526 524
743 922 1217 1886 219 217 440 621
0 645 2 656 291 614 579 1546 11 747 179 999 1337 1673 1540
1311 452 994 1239 789 1605 1890
1907 373 371 374 1102 1410
1785 1795 1796 1363 591 1794 1788 1786 1793 998 1800 812 512 504 1790 505 1798 813 1366 506
1087 1696 1814 1287 516 1929 292
1457 1803 963 1143 27 368 1029
935 2003 214 649 647 652
1324 613 1263 1249 887 1404 643
1395 481 482 101 1778 483
1826 1276 1819 207 795 1930 1825
1666 1194 1193 1883 1884 1195
1612 949 455 1394 640 87
1594 1598 1589 1601 1590 1602 1600 909 907 22 1177
764 1496 138 1963 863 1271
66 1731 1733 439 1244 1729 1275
1576 1098 1981 1048 376 555 1357 1958 1776 902 834 1882 499 498 635
328 270 556 1236 329 272 822 991 1767 1765 745
53 432 1325 1179 1164 535
1837 1845 1844 1518 825 1220
1885 195 1875 848 1435 794 1927 936
1437 250 697 1071 1737 948 1074 1072 1064 1063
299 298 297 295 1215 928 12 768
1900 828 1308 1307 833 831 937
341 1346 1341 1473 435 1848 433 1347 739
128 1004 356 877 32 495
730 592 973 734 1011 1512 748
1349 1350 1352 1828 1348 1037 1783 1036
960 1895 105 104 107 1272 1420 1868 1399 892 873
511 1221 1924 1155 618 624 425 626
1466 123 349 897 667 832 1956 320 337 1838 1273 814
658 660 509 510 724 245
528 569 573 1827 1832 1834 1211 325
1505 1017 1408 1493 561 289 551 1031 1312 419 1618 560
1344 396 1961 841 493 253
1636 1634 1635 1629 463 1632 281
1745 1899 93 1901 1902 1293
1323 1384 1321 339 1386 1880 1380 451 1381 1379
1338 213 1129 71 606 69 1139
1428 147 1065 775 135 441
1818 554 1558 1151 1150 1724 1768
243 246 1397 88 1382 1914
862 861 860 500 691 770 1294 1365 1943 1291
178 879 384 46 1815 1831 1039 47 1486 1695
1654 648 650 653 1015 1723 1014 1722 867 869 38 1719 1802 351
1045 90 94 855 1881 97
1973 1571 558 1689 304 1955 303 1974 1148 1521 1146 931 1147 929 925 932 1245 1692
1698 801 260 802 881 1627
1667 17 136 1132 942 985 1449
1499 783 1941 636 1091 1090 515 1016 230
790 1159 1438 1052 990 1436 781
1383 1996 927 683 182 183
1757 1756 1933 1648 221 1755
1610 222 1655 1862 904 220
685 829 1726 1203 1685 939
1038 979 26 1160 1749 30
944 1002 608 142 1710 140 282 1124 1099 283
156 1784 665 1556 657 1450 1932 1006 319 255 609 830 256 257 1225 438 780 1583 76 1107 279 1390
662 664 659 668 663 670 666 1231 345
208 611 1336 1153 224 1464 1931 1403
1971 1972 726 1012 1750 1928 1093 899 1708 688 311 1699 1285 1022 1606 62 1715 1703 1077 1701 1871 1824 544 593 1286 1066 1412 1330 1967 294 145 266 264 889
1283 277 1108 70 293 733 710
1969 306 993 1639 300 1305 1988 1833 146 1718
815 265 1494 774 844 1327 589 209 263 1711 725 446 1865 286 249 1116 1447 1041 1448 1812 769 778 161 1705 114 1162 837 599 1445 1446 1192 1501 1105 564 465 1210 1156 1106 1157 824 58 1851 546 1313 404 530 119 906 714 601 473 1299 1218 1406 1846 471 1519 1082 699 1874 84 1034 568 1100 810 302 698 545 1830 1190 474 1314 821 989 1289 634 787 1829 259 958 959 1942 957 1023 1171 1944
871 1989 1028 278 1904 1855
1267 1534 1758 1762 1760 1759
765 762 760 761 767 842
370 1374 1376 797 799 798
2000 1997 1020 424 1092 152 702
1138 856 602 1694 1773 201
1133 759 1322 1939 1940 1945
536 1966 1894 1992 191 684 1607
1050 1046 1049 131 75 955 1485 449 148
436 1842 1841 1840 1889 1869
776 694 401 1670 1274 1675 1674
1269 1960 1523 1522 1690 1422 1409 1664
229 235 1864 228 1867 1566
1609 517 518 519 1246 1027 1866 1199 827 406 1860 1393 1542 108
166 628 168 169 673 588
705 1429 175 1431 177 1852
421 916 1691 1533 357 1442 1227 537
1257 890 1369 288 1915 458 460 1188 467 1965 1122 1714
1877 1301 854 184 978 1368 2009 1764 597 1879 1375
1317 1010 1008 1009 269 268
1372 954 1804 541 1260 1628 389 258
1356 1371 1235 1198 1200 912 911 1055 1702 211 352 1329 1353 1351 273 689 690 1088 1354 1355 846 414 418
45 1219 704 703 342 1070 194 301 1086 1964 1212 1716 400 1572
1248 2005 417 1642 413 1951
478 485 791 1333 1339 1057 1340 1059 1647 1621 167 908 910 1416 872 1557 839 399 5 1140 735
1893 1979 550 377 631 632 55
480 489 1234 1300 49 946 1121 1471 1119 1747 1500 817
468 1700 1504 1946 1491 1849 41 1562
750 1296 354 753 756 758 843
1727 811 1736 1725 1732 1735
1754 1298 470 1510 1903 1370 1398
1174 437 1169 204 121 127 380 987 918 641 1876 637
1297 86 738 1043 773 819 772 886 1962 1658 612
1130 1873 1111 1748 13 1224 1680 443 1226 891 1474 1502 1292 941 1068
1721 1911 1720 1149 238 1154 1152 1912
1206 943 1328 1730 1739 696
1891 77 950 1835 1101 1836 728
1782 1545 1781 1544 1779 1541 1508
