378 1265
378 1440
378 1076
378 895
378 1069
378 1062
378 61
378 60
378 59
378 1402
378 1047
378 185
378 723
378 1214
378 1264
378 1391
1254 189
2000 1593
2000 1092
2000 1997
2000 3
1536 586
1468 248
1468 1035
978 184
978 1879
978 597
978 1368
605 1625
605 1623
605 1616
605 1620
605 1638
863 1963
863 1271
1532 1358
1532 1089
1532 477
1532 40
1532 1021
1532 895
1532 1279
1532 1278
1532 1262
1532 271
1532 1998
1532 1208
1532 808
1532 359
1532 153
1532 749
1532 1763
1532 1761
1532 1103
1532 701
1174 437
1174 918
53 1325
53 1179
53 1164
53 535
53 432
238 1911
238 1912
130 1687
130 353
130 1373
130 1385
130 1378
1358 1021
1358 1262
1358 808
1358 153
1584 1592
18 16
18 755
1666 1194
1666 1195
16 755
903 1799
903 1797
903 1136
903 1137
903 1142
408 779
408 1189
408 1769
408 1233
408 1649
476 1255
476 853
476 149
476 1908
476 1548
476 1003
476 198
476 362
476 1631
1926 1643
1926 1387
1926 1527
1926 888
1926 117
1926 118
247 744
1854 1053
1854 1051
1594 1177
1594 909
1594 907
1696 516
1696 1929
1911 1912
1589 1594
1589 1590
1589 909
1589 907
1590 1594
1590 909
1590 907
509 510
509 658
509 660
1988 1833
1988 1969
866 348
510 658
467 288
733 710
733 293
733 1108
733 277
733 1283
615 16
615 149
615 976
615 1213
615 1573
615 793
615 240
776 401
1245 1571
1245 558
1518 1220
1518 825
1850 1686
528 325
528 1211
528 569
528 573
1302 1524
1302 1270
1302 1268
1302 1774
1302 633
1425 1424
1089 1617
1089 678
1089 679
1089 153
1742 565
94 90
94 97
97 90
796 1593
1265 40
1265 361
1265 1813
1265 1905
1265 1554
1265 723
1265 2007
163 617
1512 748
1512 1011
1855 278
1855 871
1855 1028
1855 1904
1855 1989
1643 1580
1643 36
735 1140
536 1894
1758 1759
1758 1267
1758 1534
1758 1762
1758 1760
829 1726
829 939
829 685
829 1203
829 1685
1482 54
181 1991
181 1469
1759 1267
1759 1534
1759 1762
1759 1760
1581 1982
1581 1127
1581 1256
1581 953
1581 280
1581 1319
1581 1331
1581 737
406 517
406 518
406 519
406 1609
406 1542
406 108
406 1199
406 1246
1802 648
1802 650
1802 653
1802 351
1802 867
1802 38
1438 1052
1438 781
1851 1210
1851 302
1851 989
435 433
435 1346
435 1341
435 1473
435 1347
435 341
435 739
1884 1883
433 1346
433 1341
433 1473
433 1347
433 341
433 739
1530 1532
1530 1279
1530 1278
1530 1998
1530 1208
1530 1604
1530 359
1530 977
1530 1763
1530 1103
842 765
842 762
842 760
842 761
842 767
1094 1455
1273 832
1273 123
1273 349
1273 814
1273 1466
1273 1956
1273 320
1436 1438
1436 1052
1436 781
1266 1185
1266 970
1266 962
1266 967
1266 969
1266 44
1266 1906
1767 328
1767 329
1767 1236
1866 1027
1866 1393
1866 1246
1866 1860
734 730
490 40
490 361
490 65
490 63
490 1145
490 2007
490 1288
491 1433
491 1525
491 1087
1776 1357
1776 834
542 1117
542 162
1780 651
1780 654
1966 1992
1966 684
267 331
1833 993
843 758
843 750
843 753
843 756
843 354
396 1344
396 253
396 841
513 143
405 880
1899 1901
1899 1902
1901 1902
1440 1069
1479 1478
214 2003
214 649
214 647
214 652
214 935
1475 1479
1475 1478
1618 289
1618 1312
1477 1479
1477 1475
1477 1478
1717 21
449 131
449 148
515 1016
515 1091
1777 91
329 328
1886 1217
1423 1427
1817 1771
1817 275
1817 274
1817 1456
1817 1574
4 1643
4 202
4 675
4 1543
1572 45
391 1018
122 866
122 348
122 154
462 1532
462 1358
462 1021
462 1262
462 271
462 808
462 479
462 153
462 749
462 1761
462 1103
462 701
1185 970
1185 962
1185 967
1185 969
1185 1906
137 1254
137 763
137 189
137 254
137 475
1771 1770
1771 1970
1771 1277
1771 1574
1771 360
1771 355
1645 903
1645 1799
1645 1797
1645 1136
1645 1137
1645 1142
1645 548
1190 530
1190 714
1190 545
170 1650
779 1189
779 1233
1349 1348
1350 1349
1350 1348
1350 1783
1350 1037
1350 1036
314 966
1352 1349
1352 1350
1352 1348
555 635
671 456
1605 1890
1605 1311
264 1012
264 1971
264 1972
264 1606
1803 1143
823 318
823 1243
11 179
11 78
11 999
11 1546
11 747
11 579
11 1114
1513 1516
931 1245
931 925
931 932
931 1571
931 558
931 1955
2004 4
2004 675
929 931
929 925
929 932
932 925
963 1457
963 368
963 27
711 1813
711 587
711 445
711 44
106 1067
373 371
374 373
374 371
782 571
782 1888
1726 1203
667 1084
1460 1166
1460 1434
1701 1703
127 1174
127 437
127 380
127 1876
127 918
127 204
127 121
127 987
1320 1703
1320 1531
1320 1470
1320 1362
971 598
971 10
971 457
1383 927
1730 696
1380 1880
1380 1323
1380 1321
1380 339
1380 1381
1380 1379
1380 1384
1380 1386
1380 451
927 182
927 183
927 683
123 1115
123 1838
123 1402
645 0
645 2
645 291
119 837
119 259
119 1447
119 1448
119 1445
119 1446
119 778
119 1519
119 601
119 1846
119 263
119 84
980 459
1558 1768
1558 1151
1558 1150
1558 554
1558 1818
1558 1724
669 1802
669 394
669 1987
669 227
1946 1562
1946 1491
1946 41
1946 1849
245 509
245 510
245 658
1267 1534
1752 1097
395 1425
395 1424
395 525
395 1294
395 915
395 165
1962 1297
1621 735
1621 1140
1025 1024
1585 111
1585 1514
1585 120
1270 1268
233 508
233 539
233 557
1498 1916
1498 1917
1498 1918
1498 1920
1498 1922
1498 1923
1346 1473
1346 1347
1346 341
1341 1346
1341 1473
1341 1347
1341 341
1494 1851
1494 958
1494 959
1494 957
1648 221
1230 1358
1230 231
1230 1259
1230 1662
1230 977
1230 1741
1711 209
1711 546
1847 786
1847 205
819 612
819 772
819 773
819 86
1487 1433
1487 807
1347 1473
1347 341
800 216
800 466
800 1569
800 1216
944 1002
636 515
636 1016
636 1091
284 2004
284 1704
284 265
284 116
1420 960
1420 1868
1420 892
1420 873
1420 1895
281 1636
281 1634
281 1635
281 1629
281 1632
281 463
1286 264
1286 1703
1286 1701
1286 997
1481 74
1481 72
1481 1359
1481 1684
279 1107
1510 1370
1510 470
1510 1754
1510 1298
145 1715
145 311
145 544
145 1928
145 726
2005 1642
2005 1951
2005 413
2005 417
12 299
12 298
12 297
12 295
12 928
12 1215
12 768
1078 1204
1078 133
424 1020
946 49
891 1068
891 1680
770 1291
602 1694
602 1773
602 1138
618 624
618 626
624 626
1067 1683
19 1230
19 1617
19 231
19 805
19 1998
19 1662
19 359
19 1741
19 1743
1363 512
1363 504
1363 505
1363 506
443 1224
443 1292
443 1680
1076 1113
1076 1062
1076 920
1076 1214
1153 208
1366 1363
1366 512
1366 504
1366 505
1366 506
759 1939
759 1940
759 1945
759 1322
1659 901
1738 2008
1738 1983
1617 678
1617 679
1617 153
743 1886
743 922
743 1217
437 1876
437 641
437 637
1158 1472
1158 252
40 361
1437 948
1437 250
1437 697
1437 1737
1437 1071
1437 1074
1437 1072
1437 1064
1437 1063
610 1532
610 1358
610 1530
610 477
610 462
610 40
610 1021
610 895
610 231
610 1279
610 1278
610 1259
610 894
610 1262
610 271
610 1998
610 1208
610 1604
610 808
610 359
610 479
610 1741
610 153
610 749
610 1763
610 1761
610 1103
610 701
610 321
610 1744
610 2007
610 1587
1290 231
24 1817
81 92
0 291
2 0
2 291
1528 1247
1529 1528
1529 1247
282 142
282 283
305 1024
518 517
518 519
1305 1988
1305 1718
1305 306
1305 300
519 517
1567 397
1567 1813
1567 89
1567 1441
1567 661
604 1792
604 1863
423 422
423 1426
1707 1528
1707 1529
1707 1713
1707 1247
1707 1205
1713 1528
1713 1529
1713 1247
1713 1205
422 1426
1708 1824
1065 775
1065 147
1065 1428
1065 441
1065 135
2006 847
1181 1183
1169 1174
757 397
757 752
757 644
757 1214
1309 491
1309 1433
1309 1959
1309 1525
1309 1087
139 1538
139 1539
139 721
139 56
139 141
531 1999
531 719
531 134
1824 1077
1824 1928
611 224
611 1336
1325 1179
1325 1164
229 1864
235 229
235 228
235 1867
228 229
228 1867
895 1402
521 336
521 334
521 335
1999 719
1250 1968
1250 1517
630 85
630 1953
630 1033
853 109
853 1548
853 840
853 838
853 638
965 681
1821 420
1821 28
1821 766
790 1438
790 1436
790 1052
790 781
790 990
790 1159
598 1772
598 163
598 934
598 1213
598 617
598 1938
470 1370
470 1754
470 1298
1607 1992
1607 536
1607 1966
1607 684
1577 1
1577 1342
1577 1668
1577 1439
837 601
837 263
1755 1933
1044 1032
1465 113
1465 926
1465 1242
1321 1323
1013 646
1757 1648
1757 1755
1757 1933
1757 221
1756 1648
1756 1755
1756 1757
1756 1933
1756 221
889 294
1973 931
1973 929
1973 925
1973 932
1973 1974
1038 1160
1038 26
1038 30
1861 1857
1861 816
1785 1794
1785 1788
1785 1786
1785 1793
1785 1800
1785 1790
1785 1798
1785 1795
1785 1796
1785 812
1785 813
1461 807
352 912
352 911
728 77
728 1891
764 1963
764 1496
1794 1788
1794 1800
1794 1790
1794 1798
1794 1795
1794 1796
1794 998
1794 812
1794 813
1788 1800
1788 1790
1788 1798
1788 1795
1788 1796
1788 812
1788 813
1786 1794
1786 1788
1786 1793
1786 1800
1786 1790
1786 1798
1786 1795
1786 1796
1786 998
1786 812
1786 813
337 123
337 1838
380 204
380 121
380 987
1793 1794
1793 1788
1793 1800
1793 1790
1793 1798
1793 1795
1793 1796
1793 998
1793 812
1793 813
1800 1363
1800 1366
1800 1795
1800 1796
1800 998
1800 512
1800 504
1800 505
1800 506
1800 812
1800 813
1927 1885
1927 1875
1790 1800
1790 1798
1790 1795
1790 1796
1790 998
1790 812
1790 813
537 916
537 1442
537 1227
537 1691
1798 1363
1798 1366
1798 1800
1798 1795
1798 1796
1798 998
1798 512
1798 504
1798 505
1798 506
1798 812
1798 813
485 1057
485 1557
1609 517
1609 518
1609 519
1609 229
1609 1542
1609 108
1609 1199
1609 1246
1343 1423
1343 1427
1343 849
1343 1258
1795 1796
1795 998
1795 812
1795 813
1796 812
1796 813
1974 931
1974 929
1974 925
1974 932
1974 304
1974 303
1835 1836
1835 1101
1836 1891
1836 1101
563 1653
1828 1349
1828 1350
1828 1352
1828 1348
1700 1946
1700 1562
1700 41
1700 1849
1052 781
958 959
959 1851
1942 1944
957 1851
957 958
957 959
957 302
957 989
1334 964
1334 344
1334 680
879 1486
883 885
883 884
363 1334
363 1573
880 883
880 885
880 884
1121 480
1121 489
1121 817
1121 1234
884 885
613 1324
1673 656
1976 1567
1976 547
1976 553
1976 1637
1976 1058
1718 306
1718 300
893 314
893 966
893 64
893 826
1257 467
1257 288
1257 1369
1257 1714
1257 1188
1257 890
275 274
9 610
9 126
1458 1456
960 1272
960 873
349 1466
1456 275
1456 274
1456 296
1646 1209
1646 1550
1646 444
1443 965
1443 681
1443 1261
530 1116
530 699
673 588
673 166
673 168
673 169
673 628
358 1482
358 73
358 1957
358 926
358 54
358 1242
345 662
345 664
345 659
345 668
345 663
345 670
345 666
345 1231
183 182
1975 615
1975 804
1975 793
231 1532
231 1358
231 1530
231 1259
231 1998
231 1208
231 1741
231 1103
1596 997
1596 1332
1596 310
1249 1866
1249 613
1249 174
1249 643
1810 171
922 1886
922 219
922 217
922 440
922 621
922 1217
248 1035
149 964
149 610
149 9
149 1213
149 1858
149 344
149 1908
149 1003
149 594
149 1763
149 1761
149 1631
792 563
792 1653
609 279
609 319
609 1006
609 255
609 256
609 257
609 156
609 438
609 1450
466 216
466 672
466 723
1891 77
1172 1175
1172 1552
364 409
1175 1552
43 488
1344 253
815 1190
815 202
815 844
815 446
815 634
815 249
815 286
815 1812
815 1082
815 404
1129 606
1774 1237
1774 223
1225 830
1225 780
1225 657
1933 1648
1933 221
381 1042
220 222
220 904
220 1862
220 1610
220 1655
1379 1381
1109 1660
1109 1947
1547 346
1408 1493
1408 561
1408 551
1514 111
161 1190
161 815
161 698
161 844
161 473
161 471
161 474
161 446
161 634
161 249
161 286
161 564
161 787
161 1812
161 1082
161 404
1515 1514
1503 1054
1503 1335
1503 1888
453 680
453 1488
1081 1005
1081 1003
1081 10
1081 1853
1081 565
1081 1938
1081 457
1277 1970
1277 700
155 157
36 1580
158 160
222 904
222 1862
222 1610
222 1655
876 375
876 369
876 372
876 365
876 366
1570 1181
1570 1183
1570 1569
1569 1181
1569 1183
1569 1084
1113 920
5 791
5 1647
5 908
5 910
1876 641
1876 637
556 745
556 1765
1916 1917
1916 1918
1916 1920
1916 1922
1916 1923
1917 1918
1917 1920
1917 1922
1917 1923
1918 1920
1918 1922
1918 1923
1920 1922
1920 1923
1595 1367
1922 1923
896 2000
896 1593
896 852
896 850
896 851
896 992
1764 854
412 199
412 740
412 736
412 655
412 210
412 1387
412 870
412 1709
412 905
412 165
144 595
144 1207
144 1934
144 732
1224 1873
1224 891
1224 1502
1224 1068
1224 1748
1224 1292
1224 1111
1224 13
1224 1680
1226 1224
1226 1111
1226 13
278 871
1799 1797
1963 1271
716 718
1314 530
1314 821
1314 1874
821 1190
821 530
821 714
571 835
571 239
571 549
571 706
571 1682
1583 438
1088 273
259 1447
259 1448
259 1445
259 1446
259 84
1051 1053
904 1655
692 1532
692 1358
692 462
692 610
692 1021
692 161
692 1262
692 271
692 1662
692 808
692 868
692 153
692 749
692 1082
692 1761
692 1103
692 701
692 1520
692 1495
341 1473
1493 1505
1493 561
1523 1664
1522 1664
1522 1523
1723 1722
1429 1852
1429 177
1429 175
217 219
918 437
695 403
695 1921
695 1141
695 1360
695 619
695 565
695 1030
795 1819
795 1930
795 1276
1196 149
1196 956
1196 1488
1892 803
1892 746
1892 1766
1892 1565
1892 1954
1892 316
1892 188
650 648
1069 1214
691 862
691 861
691 860
653 648
653 650
2003 649
2003 647
2003 652
2003 935
689 1371
689 1088
689 690
689 414
689 418
689 1198
689 846
689 1354
689 1355
1669 59
1669 240
1669 1391
298 299
298 928
298 1215
298 768
956 149
1062 1069
1062 1214
297 299
297 298
690 352
690 1200
690 1055
690 1356
690 1353
690 1351
690 912
690 911
690 1235
295 299
295 298
295 297
295 928
295 768
875 1683
1056 1060
1431 1852
1431 1429
1431 177
1431 175
1060 364
1060 409
1719 1723
1719 1722
101 1395
101 1778
101 481
101 482
101 483
1453 1423
1453 1427
1453 1343
1453 849
1453 1258
1453 1079
1746 578
1746 583
1746 580
1746 570
1746 574
1746 581
1746 572
1746 577
197 605
197 200
197 1625
197 1623
197 1616
197 1620
197 1638
1313 209
543 1013
543 347
543 1310
543 646
109 840
109 838
707 391
707 1771
707 1770
707 708
707 540
1202 501
1202 496
1202 507
1202 1898
1202 1896
708 391
708 1018
1657 386
1657 312
814 123
814 349
814 1466
814 320
874 1520
874 3
1496 1963
857 1514
857 1515
1814 1696
1814 516
1814 1416
1814 1929
1640 1266
1640 1185
1640 445
1640 447
1640 970
1640 962
1640 967
1640 969
1640 44
1640 1906
649 647
652 649
652 647
1913 129
1374 1376
1374 370
1374 797
1374 799
1374 798
560 419
560 1505
560 1031
87 640
87 455
87 1612
87 1394
87 949
323 324
322 323
322 324
324 158
324 160
356 877
356 128
356 32
356 495
194 1964
194 1716
194 1070
1551 1134
1551 1688
1551 1633
1551 1619
1551 1622
1551 1624
1551 1626
1768 554
1768 1724
184 597
184 1368
525 1425
525 1424
738 1658
738 86
1447 1448
1447 1445
1447 1446
347 1013
347 1310
347 646
1448 1445
1448 1446
1820 225
1820 1490
1820 1497
499 1048
499 498
498 834
498 1576
935 649
935 647
935 652
685 939
1957 1482
1957 54
811 1736
811 1725
811 1732
811 1735
811 1727
1445 1446
997 1332
997 310
1710 944
1710 1099
1710 1002
212 1775
212 777
57 1080
57 729
57 727
57 1118
1413 132
1413 1861
1413 103
215 212
1535 671
1535 456
452 1605
452 1890
452 994
452 1311
452 1239
849 1423
849 1427
179 1673
179 656
179 999
179 1546
179 1540
179 747
179 579
1213 617
330 464
330 1509
1279 1089
1279 1617
1279 359
1279 678
1279 679
1278 1279
1278 359
990 1438
990 1436
990 1052
990 781
990 1159
972 1423
972 1427
972 603
972 1343
972 1547
972 1453
972 849
972 459
972 1258
972 1079
972 475
595 732
143 1949
143 1952
143 1000
1813 463
1813 1216
1542 517
1542 518
1542 519
1542 108
1542 1199
1542 1246
459 997
945 619
943 1328
1839 1746
1839 48
1839 578
1839 583
1839 580
1839 570
1839 574
1839 581
1839 572
1839 577
588 628
326 933
326 1597
326 737
1652 538
1652 592
1652 845
1652 1282
1652 1280
1652 1281
1652 415
763 254
17 1449
17 985
17 1132
17 1667
17 136
1561 1316
1561 1315
1561 1591
1561 1586
1561 1252
754 1514
754 1515
754 857
202 1811
434 1671
434 1668
434 1983
1149 238
1149 1911
1149 1912
1149 1154
1149 1152
1154 238
1154 1152
1152 238
995 605
995 1746
995 200
995 197
995 1839
995 48
995 1625
995 1623
995 1616
995 1620
995 1182
995 1638
995 1178
995 1180
995 1173
995 1176
995 1168
995 1170
995 1165
995 1167
995 578
995 583
995 580
995 570
995 574
995 581
995 572
995 577
745 1765
608 282
608 1124
1982 1331
152 1020
152 424
152 201
334 336
335 336
335 334
287 853
287 109
287 1787
287 1554
287 840
287 838
74 1430
74 596
72 1359
403 1360
1102 373
1102 371
1102 374
1102 1410
1102 1907
698 473
698 471
698 474
1614 1613
1092 1020
1092 424
1092 152
809 520
809 1161
93 1899
93 1901
93 1902
93 1293
93 1745
307 151
307 1608
307 133
344 671
344 964
327 323
327 322
327 324
478 5
478 791
478 1647
478 908
478 910
514 1081
514 1228
514 10
514 1853
514 820
514 457
514 129
844 698
844 404
493 396
493 1344
493 253
493 841
1748 1292
1748 941
1748 1130
1762 1267
1762 1534
1760 1267
1760 1534
1760 1762
124 582
124 712
124 150
394 1987
394 227
801 1627
801 881
801 1698
801 260
1248 2005
1248 1642
1248 1951
1248 413
1248 417
654 651
802 1627
802 801
802 881
802 1698
802 260
1397 1382
1397 88
1397 243
1397 246
1397 1914
276 1808
276 1807
276 1806
892 1868
892 1895
199 655
199 210
199 870
199 1709
62 264
62 1012
62 1077
62 1412
675 497
1206 1328
6 1706
6 1563
436 1842
436 1841
436 1889
82 1847
82 786
82 205
1316 1315
1316 1591
1316 1586
1316 1252
1315 1591
1315 1586
1315 1252
172 557
1210 1299
762 765
203 252
203 1753
1098 498
1098 902
1098 635
1098 1882
1098 1576
1801 1550
1801 1304
1004 877
1004 356
1004 128
1004 32
1027 1393
473 474
471 473
471 474
471 446
760 765
760 762
760 761
761 765
761 762
587 199
587 1709
587 44
587 99
587 575
587 1878
1879 1764
1879 854
1879 2009
767 765
767 762
767 760
767 761
1890 1311
418 414
1874 530
1874 161
1874 821
1874 699
1259 1532
1259 1530
1259 1208
421 537
128 877
128 32
304 303
142 1099
23 1614
23 1613
788 1295
788 1417
1289 1023
1289 774
262 1775
262 212
1921 1026
861 862
861 860
860 862
1472 667
740 1405
740 199
740 736
740 655
740 210
740 870
740 1709
740 905
740 1895
740 983
984 981
984 982
984 986
981 982
981 986
982 986
269 1317
268 269
268 1317
1964 1070
192 934
192 502
192 983
1787 40
1787 1047
1787 1554
1787 1582
1787 2007
1910 562
1159 1438
1159 1436
1159 1052
1159 781
926 1482
926 113
926 73
926 1957
926 54
926 1242
503 945
503 619
1162 1156
1162 1157
1262 1021
1262 808
1262 153
218 15
218 14
1151 1150
1228 149
1228 594
1228 1631
85 930
85 1953
85 475
85 1033
1156 1157
1778 481
1778 482
1778 483
271 1358
271 1021
271 1262
271 808
271 153
271 1103
271 701
736 20
736 199
736 655
736 210
736 870
736 1709
1243 1656
1243 318
881 1627
1943 691
1943 862
1943 861
1943 860
1943 1294
1943 500
1442 1533
1804 541
1804 389
839 485
839 1057
839 1557
839 1059
484 1230
484 598
484 865
484 475
484 1743
484 1253
484 1251
950 77
950 728
950 1835
950 1836
950 1891
950 1101
1689 1245
1689 931
1689 1571
1689 1692
938 1479
938 1475
938 1477
938 1478
940 1479
940 1475
940 1477
940 1478
940 938
936 1927
936 1435
166 168
166 169
169 168
516 1929
350 164
1201 1865
1201 163
1201 1813
1201 1614
1201 1613
1201 23
1292 891
1292 13
1292 1680
1692 931
1603 1926
1603 1335
1603 1527
1603 562
1603 117
1603 118
1826 1819
1819 207
1819 1930
1819 1276
951 285
1825 1826
1825 1819
464 1509
1566 229
1566 235
1566 228
1566 1864
1566 1867
511 618
511 624
511 626
1650 1531
778 837
778 1192
778 601
778 263
778 265
778 114
25 900
25 1977
1470 1531
1470 1650
1470 1362
1470 1681
204 121
1694 1773
195 1927
195 1885
445 1266
445 1185
445 447
445 970
445 962
445 967
445 969
445 1816
445 44
445 1906
447 1978
447 1816
447 1400
1634 1636
1635 1636
1635 1634
805 1662
1629 1636
1629 1634
1629 1635
439 66
439 1275
439 1731
439 1733
439 1244
439 1729
1997 702
1632 1636
1632 1634
1632 1635
1632 1629
1754 1370
1754 1298
538 845
538 1282
538 1280
538 1281
1207 232
1483 1484
1548 198
1548 362
428 1596
428 997
428 1537
426 428
426 1938
1003 1908
148 131
148 1046
780 76
780 830
780 657
828 1308
828 1307
833 828
833 831
833 1308
833 1307
831 937
831 828
831 1308
831 1307
1407 163
970 967
970 969
962 970
962 967
962 969
993 1083
969 967
496 501
507 501
507 496
994 1605
994 1890
994 1311
994 1239
32 877
1019 542
1019 1117
1019 162
1095 1734
1421 315
1526 340
1526 407
210 655
1369 1714
973 730
973 734
973 1011
480 489
480 817
1418 1419
312 1947
312 1615
489 817
1415 1419
1415 1418
1749 1160
1749 1038
1749 1010
1749 1009
1414 1419
1414 1418
1414 1415
835 239
835 706
835 1682
1029 1803
376 1098
492 172
492 494
492 557
494 1950
1306 1984
1128 818
1128 1125
1128 388
1125 818
1125 388
1893 1979
1893 631
1111 1474
1221 511
1221 425
1221 1924
1221 1155
1388 1468
1388 2006
1388 248
1388 1035
1388 1507
1388 847
1388 1684
1550 1209
1550 444
772 612
311 544
1110 1581
1110 933
1110 326
1110 1982
1110 1127
1110 1256
1110 1597
1110 953
1110 639
1110 280
1110 174
1110 1319
1110 1331
1110 737
261 1936
261 1663
682 405
242 1805
242 1937
773 612
773 772
623 629
91 1181
91 1813
91 1201
91 475
622 629
622 623
627 629
627 623
627 622
1642 1951
89 1472
89 1171
89 1441
89 661
625 629
625 623
625 622
625 627
429 1592
429 1584
429 1302
429 1524
429 1270
429 1268
429 1575
429 1774
429 350
429 431
429 430
429 633
429 196
429 1870
429 461
429 534
620 629
620 623
620 622
620 627
620 625
427 1302
427 1270
427 1268
427 1575
427 1774
427 429
427 431
427 430
427 633
427 196
427 461
427 534
357 1533
357 1442
431 1592
431 563
431 792
431 350
431 196
431 1653
634 844
634 446
634 1082
430 1742
430 431
430 196
430 1870
430 565
70 293
1815 1831
1815 47
676 681
739 1346
739 1341
739 1473
739 1347
739 341
1189 1233
1971 1972
290 340
290 392
290 1909
290 407
290 1925
1492 532
1492 267
1492 331
1492 1579
1492 206
1492 454
1739 943
1739 1328
1085 1559
1085 1241
1998 1279
1998 1278
1998 359
1998 1103
1449 942
1449 1132
1647 791
1647 908
1647 910
1969 146
628 168
1208 40
1208 1279
1208 1278
1208 1998
1208 359
1208 153
1208 1763
1208 1761
1208 1103
597 1368
1562 41
1562 1849
1410 374
1410 1907
444 1209
26 30
1382 243
1382 246
1382 1914
1871 1715
1220 825
1428 135
151 1204
151 1078
151 564
151 180
151 1608
151 133
878 1032
878 1044
878 1432
878 68
878 392
1096 669
1096 718
1096 716
1096 237
1198 414
1198 418
665 1390
665 438
1164 1179
1296 843
1296 758
1296 750
1296 753
1296 756
1296 354
1416 1621
1489 809
1489 520
1489 1075
1489 1549
1489 1161
1980 1822
1980 1997
1980 600
66 1731
66 1733
66 1729
154 866
1463 713
1463 1085
1463 806
1463 1559
1463 1241
1463 398
1258 1423
1258 1427
1258 849
1457 368
108 517
108 518
108 519
108 1246
325 569
325 573
1101 77
1101 728
1101 1891
827 1866
827 1027
827 1393
827 1860
1960 1422
1662 1532
1662 1358
1662 1089
1662 1530
1662 462
1662 1617
1662 610
1662 1021
1662 231
1662 1279
1662 1278
1662 1259
1662 894
1662 1262
1662 271
1662 1998
1662 1208
1662 808
1662 359
1662 678
1662 679
1662 1187
1662 1741
1662 153
1662 749
1662 1763
1662 1761
1662 1103
1662 701
1232 1995
1697 1717
1697 19
1697 251
1697 21
1697 484
1697 805
1697 1662
1697 487
1697 865
1697 1743
249 698
249 844
249 473
249 471
249 474
619 687
948 1071
948 1072
834 1357
1227 916
1361 1712
1361 533
1816 7
1769 779
1769 1189
1769 1233
1769 1649
1364 163
1287 1929
60 1948
60 9
60 687
60 945
60 1921
60 503
60 1662
60 619
60 1047
60 185
60 565
60 1391
60 1026
59 1213
59 60
59 185
59 1938
59 1391
69 1129
69 71
69 606
69 1338
1967 1285
416 18
416 16
416 755
1240 1986
1240 1985
1240 1994
1240 1993
1240 1990
1965 1915
1965 458
1965 460
1965 890
1965 1122
1275 66
1275 1731
1275 1733
1275 1244
1275 1729
1665 155
1665 158
1665 157
1665 160
1665 323
1665 322
1665 324
1665 327
10 1067
10 875
10 1853
1300 946
1300 1121
1300 1500
1300 480
1300 489
1300 817
1300 1471
1300 1119
1300 1747
1300 49
1300 1234
870 655
870 210
955 1485
955 1050
955 1046
955 1049
1519 259
1519 1447
1519 1448
1519 1445
1519 1446
1519 84
1133 759
1133 1939
1133 1940
1238 523
1238 529
1238 527
1238 526
1238 524
1077 1650
1077 600
1077 1412
742 381
742 1042
742 1061
742 1454
806 713
806 398
923 1843
923 993
923 1083
1935 1250
1935 1968
1935 1517
95 1407
1045 1881
1045 855
1919 1468
1919 2006
1919 248
1919 1570
1919 1388
1919 89
1919 1035
1919 1934
1919 1507
1919 1186
1402 1115
968 965
968 1443
968 681
968 676
968 1261
1028 1904
808 1021
952 1419
952 1418
952 1415
952 1414
952 961
1939 1945
1939 1322
1940 1939
1940 1945
1148 931
1148 929
1148 925
1148 932
1148 1973
1148 1974
257 255
257 256
257 156
257 1450
1945 1322
1146 931
1146 929
1146 925
1146 932
1146 1973
1146 1974
1146 304
1146 303
1146 1148
1146 1147
1706 1643
1706 36
1706 754
1706 202
1706 1811
1147 1148
1668 1671
196 1592
196 1584
640 455
640 1612
640 1394
640 949
88 1382
88 243
88 246
88 1914
804 693
359 1089
359 1617
359 153
1365 770
1365 1291
1433 1461
1433 1525
1433 807
1389 176
1389 50
1389 31
1389 39
1389 42
924 1460
1845 1844
1863 1792
724 509
724 660
243 246
243 1914
246 1914
1837 1845
1837 1844
384 1695
105 1272
105 960
1740 476
1740 1080
1740 757
1740 853
1740 343
1740 57
1740 1548
1740 729
1740 727
1740 1118
1740 1452
104 1272
104 1420
104 960
104 105
107 1272
107 960
107 105
107 104
941 1130
258 954
258 1260
258 1372
553 547
553 1542
553 1637
1400 1401
1047 1948
1047 610
1047 1921
1047 715
1047 1554
1047 565
1047 1058
1199 517
1199 518
1199 519
1199 108
1199 1246
1256 280
867 869
167 5
167 478
167 791
167 1647
167 908
167 910
167 1333
167 1339
167 1340
86 1962
86 612
86 772
86 773
86 886
86 1043
86 1297
178 47
1079 1423
1079 1427
1079 603
1079 1343
1079 849
1079 459
1079 1258
1504 1946
1504 1491
1212 45
1212 1572
1212 342
1212 194
1212 1964
1212 1716
1212 1070
1212 704
1212 703
1212 1219
1212 1086
1212 301
479 671
479 472
479 2007
535 1325
535 1179
535 1164
535 432
502 934
1554 397
1554 490
1554 917
1554 40
1554 361
1554 853
1554 109
1554 65
1554 63
1554 1651
1554 1145
1554 840
1554 838
1554 52
1554 2007
1554 1288
1641 1430
1641 1481
1641 74
1641 596
1641 1684
176 31
176 39
176 42
239 706
239 1682
746 803
1637 547
1505 419
1505 1031
50 176
50 31
50 39
50 42
1573 18
1573 16
1573 416
1573 755
125 1693
125 688
125 110
125 367
125 308
125 475
125 1663
125 1977
125 1520
393 859
1538 1539
1538 56
1559 1241
1011 730
1011 734
1543 1432
1539 56
68 1032
68 1044
825 1845
825 1844
825 1837
78 1861
78 816
1698 1627
1698 881
1698 260
694 776
694 401
1597 933
1597 737
533 1536
533 247
533 1135
533 586
533 1887
385 1513
385 1516
385 1061
385 1661
385 1454
1476 1817
1476 1771
1476 83
1476 1480
1476 1574
621 440
688 264
688 1824
688 1012
688 62
688 1066
688 1971
688 1972
688 1967
688 1412
1263 1404
1709 655
1709 210
1709 870
1293 1899
1293 1901
1293 1902
1293 1745
1332 310
539 1120
539 1984
539 508
539 1306
539 557
1842 1889
705 1852
705 1429
705 1431
705 177
705 175
1841 1842
1841 1889
388 1056
388 1060
388 393
388 751
1840 1869
1840 1842
1840 1841
390 393
390 388
679 678
277 710
846 1354
1898 501
1898 496
1898 507
1896 501
1896 496
1896 507
1896 1898
260 1627
260 881
1055 352
1055 912
1055 911
65 63
589 119
589 259
589 1447
589 1448
589 1445
589 1446
589 1519
589 1846
589 84
1750 889
1750 294
662 664
662 659
662 668
662 663
662 670
662 666
662 1231
664 668
664 663
664 670
664 666
664 1231
659 664
659 668
659 663
659 670
659 666
659 1231
668 670
668 666
668 1231
1194 1883
1194 1884
1194 1193
1194 1195
663 668
663 670
663 666
663 1231
1193 1883
1193 1884
672 216
670 1231
666 670
666 1231
1136 1799
1136 1797
1136 1142
1630 521
1630 336
1630 334
1630 335
1630 383
1137 1799
1137 1797
1137 1136
1137 1142
1949 1952
1949 1000
1097 882
1097 1103
1952 1000
709 1389
709 176
709 50
709 31
709 39
709 42
1870 604
1870 1792
1870 1863
1308 1307
822 556
822 745
822 1765
1556 609
1556 1006
31 39
31 42
39 42
1142 1799
1142 1797
1639 993
908 791
910 791
910 908
564 1851
564 610
564 906
564 1218
1766 803
1766 746
1766 1954
1766 186
1766 187
1766 188
1106 1942
1106 1944
1106 1041
1106 1218
600 1650
600 1470
48 1746
48 578
48 583
48 580
48 570
48 574
48 581
48 572
48 577
1928 264
1928 1650
1928 1470
1928 600
1928 1412
601 1327
601 1705
601 263
402 1814
1377 1094
1377 1455
596 1430
592 1512
592 748
592 1697
592 914
1690 1960
1690 1422
1690 1269
1015 1014
1014 1802
1014 1723
1014 1722
1014 1719
1014 1654
1462 1024
1462 305
1462 1467
590 122
590 785
590 338
590 1126
590 51
590 731
1134 1688
1134 1633
1134 1619
1134 1622
1134 1624
1134 1626
1211 325
1211 569
1211 573
1211 1827
1211 1832
1211 1834
191 536
191 1607
191 1894
44 1906
541 954
541 1260
541 1372
541 258
541 389
1451 971
1451 598
1451 1081
1451 934
1451 10
1451 457
1451 975
1451 1251
686 1551
686 1134
686 1688
686 1633
686 1619
686 1622
686 1624
686 1626
96 100
98 100
98 96
729 727
1924 425
566 442
566 2002
1298 1370
1298 1903
549 835
549 239
549 706
549 1682
67 1772
67 598
67 934
67 192
67 502
67 1451
67 1253
67 1251
1099 140
201 602
201 1694
201 1773
201 1138
644 752
850 852
851 852
851 850
1846 259
1846 1447
1846 1448
1846 1445
1846 1446
1846 810
1846 1519
1846 84
1846 1829
455 1612
455 1394
455 949
1239 1605
1239 1890
1239 1311
481 482
481 483
482 483
1862 904
1862 1610
1862 1655
1859 1432
1859 1543
1471 1747
1721 238
1721 1911
1721 1912
1721 1149
1721 1154
1721 1152
1721 1720
1720 238
1720 1911
1720 1912
1720 1149
1720 1154
1720 1152
1126 785
1132 942
787 1865
787 209
787 1711
787 1313
787 1201
787 778
787 465
787 1406
787 1830
1355 1371
704 703
1588 1187
725 957
725 1201
725 91
725 1406
725 787
1222 37
1222 379
1222 607
1222 858
953 1982
953 1331
1041 1942
1041 1944
820 9
820 1228
820 126
1139 71
1139 69
1139 1338
845 1282
845 1280
845 1281
919 6
919 89
919 402
1294 691
1294 862
1294 861
1294 860
1294 500
370 799
996 1854
996 1053
996 1051
996 1444
996 450
996 448
639 933
639 326
639 1597
639 737
1625 1623
1625 1638
1246 517
1246 518
1246 519
1623 1638
1783 1037
1783 1036
868 1532
868 1358
868 462
868 19
868 610
868 1021
868 1262
868 271
868 1662
868 808
868 153
868 749
868 1761
868 1103
868 701
868 1520
1155 425
1155 1924
495 32
1616 1625
1616 1623
1616 1638
865 1358
865 1230
865 19
865 610
865 231
865 271
865 805
865 1662
865 868
865 977
865 1741
865 1743
865 1253
865 1251
84 1447
84 1448
84 1445
84 1446
1620 1625
1620 1623
1620 1616
1620 1638
1301 1764
1301 1879
1301 854
1301 2009
1138 1694
1138 1773
1934 1850
1934 965
1934 1443
1934 681
1934 968
1934 1261
1182 1746
1182 1839
1182 48
1182 578
1182 583
1182 580
1182 570
1182 574
1182 581
1182 572
1182 577
110 367
110 1187
110 771
1958 1098
1178 1746
1178 1839
1178 48
1178 1182
1178 1180
1178 1173
1178 1176
1178 1168
1178 1170
1178 1165
1178 1167
1178 578
1178 583
1178 580
1178 570
1178 574
1178 581
1178 572
1178 577
1180 1746
1180 1839
1180 48
1180 1182
1180 1173
1180 1176
1180 1168
1180 1170
1180 1165
1180 1167
1180 578
1180 583
1180 580
1180 570
1180 574
1180 581
1180 572
1180 577
977 1358
977 1604
1173 1746
1173 1839
1173 48
1173 1182
1173 1176
1173 1168
1173 1170
1173 1165
1173 1167
1173 578
1173 583
1173 580
1173 570
1173 574
1173 581
1173 572
1173 577
1176 1746
1176 1839
1176 48
1176 1182
1176 1168
1176 1170
1176 1165
1176 1167
1176 578
1176 583
1176 580
1176 570
1176 574
1176 581
1176 572
1176 577
1168 1746
1168 1839
1168 48
1168 1182
1168 1170
1168 1165
1168 1167
1168 578
1168 583
1168 580
1168 570
1168 574
1168 581
1168 572
1168 577
504 512
1170 1746
1170 1839
1170 48
1170 1182
1170 1165
1170 1167
1170 578
1170 583
1170 580
1170 570
1170 574
1170 581
1170 572
1170 577
505 512
505 504
1171 1705
1171 601
1165 1746
1165 1839
1165 48
1165 1182
1165 1167
1165 578
1165 583
1165 580
1165 570
1165 574
1165 581
1165 572
1165 577
506 512
506 504
506 505
1560 1780
1560 1459
1167 1746
1167 1839
1167 48
1167 1182
1167 578
1167 583
1167 580
1167 570
1167 574
1167 581
1167 572
1167 577
569 573
500 770
500 691
500 862
500 861
500 860
13 1873
13 891
13 1502
13 1068
13 1680
557 1120
557 1984
557 508
557 1306
1123 971
1123 800
1123 598
1123 1975
1123 149
1123 466
1123 1081
1123 1569
1123 1213
1123 428
1123 426
1123 59
1123 1919
1123 1938
1123 1488
1123 1216
1123 1391
769 824
1651 115
593 889
593 1750
593 1606
593 1330
593 294
38 351
565 1921
565 1141
565 1360
565 1026
565 1030
1188 467
1188 288
1188 890
1877 1764
1877 1879
1877 1301
1877 854
1877 1375
1877 2009
726 1093
726 1699
1736 1732
1736 1735
714 610
714 530
1725 1736
1725 1732
1725 1735
486 1144
486 469
1735 1732
244 571
244 835
244 239
244 549
244 706
244 1682
1568 1528
1568 1529
1568 1707
1568 1713
1568 1247
1568 1205
1565 1766
1565 1954
1564 1766
1564 1565
1564 1954
1606 889
1606 1750
1606 294
1511 552
64 314
64 233
64 508
64 539
64 557
1333 5
1333 478
1333 791
1333 1647
1333 908
1333 910
292 1696
292 1929
1727 1736
1727 1725
1727 1732
1727 1735
1280 1282
1281 1282
1281 1280
1741 1532
1741 642
1506 1511
1506 1469
1506 552
567 1481
567 193
567 1641
1784 693
1784 780
1784 1556
1936 378
1936 476
1936 980
1936 2006
1936 79
1936 584
1936 1141
1936 1388
1936 60
1936 59
1936 1047
1936 1554
1936 185
1936 1145
1936 1488
1936 52
1936 1163
1936 1520
1936 102
280 1982
280 953
280 1331
1010 269
1010 268
1010 1317
1010 1008
1010 1009
1057 1557
1008 269
1008 268
1008 1317
99 1878
120 111
120 1514
120 28
1009 269
1009 268
1009 1317
1009 1008
1375 1764
1375 1879
1375 1301
1375 854
1375 2009
153 1021
153 808
438 279
438 1390
438 1107
438 1006
836 1651
1812 286
1356 1200
749 1358
749 1021
749 1262
749 271
749 808
749 153
749 1761
749 1103
749 701
988 1158
988 1472
988 89
988 1171
913 476
913 149
913 1908
913 1003
51 234
51 983
1083 1843
1598 1600
1598 1601
1598 1602
1598 22
1601 1590
1601 1600
1601 1602
1601 22
1602 1600
1031 419
1284 1746
1284 1839
1284 995
1284 48
1284 1182
1284 1178
1284 1180
1284 1173
1284 1176
1284 1168
1284 1170
1284 1165
1284 1167
1284 578
1284 583
1284 580
1284 570
1284 574
1284 581
1284 572
1284 577
1284 415
1441 397
1441 661
905 424
905 199
905 736
905 655
905 210
905 870
905 1709
1667 985
720 115
720 1651
1409 1664
1409 1523
1409 1522
1409 1690
240 976
1353 1200
1353 1356
1351 1200
1351 1356
1351 1353
410 1104
410 804
887 1263
887 1404
1555 317
1555 36
1867 1864
468 1946
468 1562
974 7
974 1816
921 1112
921 674
921 1197
1036 1037
888 677
29 1897
162 1117
1466 832
1466 123
458 1915
458 460
458 890
458 1122
460 1915
460 890
460 1122
1061 1513
1061 1516
1061 381
1061 1042
1061 1661
1061 1454
138 863
138 1963
138 1271
712 582
33 1897
33 29
33 35
33 34
1959 491
1959 1433
1959 1525
1959 1087
35 1897
35 29
35 34
1702 689
1702 690
1702 1200
1702 1356
1702 1353
1702 1351
1702 1235
34 1897
34 29
1145 65
1145 63
1145 52
1145 1288
411 1240
411 1986
411 1985
411 1994
411 1993
411 1990
915 1425
915 1424
915 1158
915 525
915 57
915 754
915 6
915 1563
915 1187
848 1927
848 1875
848 794
1938 163
1938 800
1938 1569
1938 1213
1938 617
1938 1216
332 407
392 1909
392 1925
559 667
559 1181
559 1183
559 1570
559 1569
559 91
559 1084
559 897
1954 803
1954 746
1954 186
1954 187
1954 188
578 580
578 577
583 578
583 580
583 577
580 577
570 578
570 583
570 580
570 581
570 572
570 577
574 578
574 583
574 580
574 570
574 581
574 572
574 577
581 578
581 583
581 580
581 577
572 578
572 583
572 580
572 581
572 577
1728 1112
1728 173
117 118
1105 284
1105 1034
1105 265
1075 809
1075 520
1075 1161
856 602
856 1694
856 1773
856 201
856 1138
1118 1080
1215 768
1546 999
1336 1403
1336 1931
230 1941
230 783
230 1091
1745 1899
1745 1901
1745 1902
783 1941
461 1270
461 1268
369 375
1082 446
372 375
372 369
365 375
365 369
365 372
8 1013
8 543
8 347
8 646
366 375
366 369
366 372
366 365
1276 1930
568 906
1219 45
1219 1572
1219 194
112 542
112 1117
112 1019
112 835
112 239
112 549
112 244
112 162
112 706
631 1979
631 632
632 550
632 55
1983 2008
1610 904
1610 1655
1818 1768
1818 1150
1818 1724
1269 1960
1269 1422
840 838
28 423
28 420
28 422
28 1426
1829 810
1540 1546
1849 41
1677 1007
1677 1679
1677 1678
1906 970
1906 962
1906 967
1906 969
308 610
308 479
826 314
1679 1007
1679 1678
1678 1007
475 610
475 598
475 9
475 231
475 149
475 1662
475 1047
475 479
475 110
475 930
475 367
475 1187
475 308
1091 1499
1091 1941
1091 1016
1091 783
1091 1090
1090 1499
1791 276
1907 374
227 1987
1789 276
1789 1791
1197 1596
1197 1112
159 1697
159 126
159 820
159 1743
159 129
159 382
1039 1486
1039 879
457 1067
457 1683
457 248
457 875
457 1388
457 10
457 717
457 1598
457 1601
457 585
646 722
1086 1964
1086 704
1086 703
450 1854
450 1053
450 1051
450 1444
1459 1978
448 1854
448 450
1501 209
1501 1192
1501 161
1501 1313
1501 1874
1501 778
1501 1406
1501 787
1501 725
1501 1830
1937 1094
1937 1377
1937 1455
635 1882
991 1767
991 328
991 329
991 556
991 745
991 822
991 1765
991 887
991 272
991 270
991 1236
1661 1513
1661 1516
47 1695
47 1831
47 384
47 1039
47 46
225 226
529 523
80 262
80 852
80 616
527 523
527 529
1591 1586
1591 1252
526 523
526 529
526 527
524 523
524 529
524 527
524 526
1586 1252
1751 1288
1330 889
1330 1750
1330 1606
1330 294
1578 1780
1578 1596
1578 1277
1578 447
1578 700
1578 1400
1578 1197
173 1112
173 1197
723 216
723 672
1467 1024
1467 305
1467 1172
1467 1175
1467 1552
747 614
747 1546
747 1540
747 1337
1981 1048
1981 499
1981 498
1981 834
1981 1576
1373 1687
1385 353
1763 1279
1763 1278
1763 1998
1763 359
1763 1761
1763 1103
1345 181
1345 1991
1345 1469
1761 1358
1761 40
1761 1021
1761 1262
1761 271
1761 808
1761 153
1761 1103
1761 701
1761 321
1761 1744
890 467
890 288
180 522
180 923
576 1561
576 1316
576 1315
576 1591
576 1586
576 1252
1103 1358
1103 1089
1103 1617
1103 1021
1103 1279
1103 1278
1103 1262
1103 808
1103 359
1103 153
1103 701
1956 349
1956 320
701 1358
701 1021
701 1262
701 808
701 153
1399 1420
1399 960
1399 873
1399 104
205 1001
1961 396
1961 1344
1961 253
1961 493
1961 841
841 1344
841 253
237 718
237 716
316 803
316 746
316 1766
316 1565
316 1564
316 1954
316 186
316 187
316 188
1205 1528
1205 1529
1205 1247
177 1852
398 713
1469 1991
407 340
407 1872
1488 476
1488 610
1488 149
1488 466
1488 956
1488 1554
1488 362
575 1659
575 199
575 210
575 1709
575 901
1663 476
1663 137
1663 980
1663 149
1663 584
1663 25
1663 1141
1663 1388
1663 1919
1663 185
1663 1936
1663 475
1663 2001
1663 1163
1663 1977
1663 1520
1663 102
1434 1303
1434 333
58 1595
58 465
58 787
58 599
58 769
58 1830
58 774
579 645
579 0
579 2
579 1673
579 656
579 291
579 1540
794 1927
794 1875
1644 1483
1644 1484
1644 2002
1932 1225
1932 830
1932 780
992 796
992 1593
992 852
992 850
992 851
174 1581
174 1256
1319 1127
1319 953
190 1810
190 1073
190 1734
190 1095
190 1222
190 171
1553 312
1553 1615
175 1852
175 177
1362 1531
1649 779
1649 1189
1649 1233
661 397
415 1746
415 1839
415 995
415 48
415 1182
415 1178
415 1180
415 1173
415 1176
415 1168
415 1170
415 1165
415 1167
415 578
415 583
415 580
415 570
415 574
415 581
415 572
415 577
591 1363
591 1366
591 1800
591 1798
591 512
591 504
591 505
591 506
1274 1670
1274 1675
1274 1674
1731 1733
914 992
914 134
1887 1536
1887 1135
1887 586
741 1184
774 1023
774 1100
1782 1781
1782 1779
1781 1779
1986 1985
1986 1994
1986 1993
1986 1990
1676 984
1676 981
1676 982
1676 986
1676 309
463 1636
463 1634
463 1635
463 1629
463 1632
1582 1047
1582 1554
1582 565
1521 1974
1521 304
1521 303
1521 1148
1521 1146
1521 1147
855 90
855 94
855 97
855 1881
301 400
206 532
309 984
309 981
309 982
309 986
697 948
697 250
697 1737
697 1071
697 1074
697 1072
697 1064
697 1063
1737 250
1022 311
1040 796
1040 1593
1040 864
1040 992
975 971
975 598
975 10
1545 1782
1545 1781
1545 1779
1545 1544
1545 1541
1544 1782
1544 1781
1544 1779
1544 1541
1541 1782
1541 1781
1541 1779
300 306
897 667
897 1181
897 1183
897 337
897 1570
897 1569
897 403
897 91
897 1047
897 1084
1860 1027
1860 1393
1860 1246
1672 1498
1672 1916
1672 1917
1672 1918
1672 1920
1672 1922
1672 1923
1058 397
1058 547
1058 553
1058 1637
272 1767
272 328
272 329
272 270
272 1236
413 1642
413 1951
413 417
15 14
270 1767
270 328
270 329
270 822
270 1236
417 1642
417 1951
1743 805
1743 1662
1264 61
750 758
750 753
750 756
561 1505
561 551
753 758
756 758
756 753
1033 1595
1033 1367
1033 1953
1033 58
2001 137
2001 1144
2001 784
2001 469
2001 486
320 349
223 1237
947 1479
947 1475
947 1477
947 1478
947 938
947 940
1599 379
1599 1222
989 302
1985 1994
1985 1993
1985 1990
1994 1993
1994 1990
1993 1990
1823 1611
1823 43
1823 315
1823 1421
1823 236
1633 1688
1633 1619
1633 1622
1633 1624
1633 1626
213 1129
213 69
213 606
1619 1688
1619 1622
1622 1688
1624 1688
1624 1619
1624 1622
1624 1626
1977 1693
1977 1980
1977 688
1977 900
1977 1191
1977 475
1626 1688
1626 1619
1626 1622
789 1605
789 452
789 1890
789 994
789 1311
789 1239
1122 1915
1253 1230
1253 934
1251 598
1251 934
1251 475
1251 1253
1753 252
2007 40
2007 361
2007 1763
2007 1761
2007 1103
2007 321
1670 776
1670 694
1670 401
1670 1675
1670 1674
898 1742
898 619
1242 113
1242 73
1242 330
1242 464
1242 1509
1242 100
1242 96
1242 98
1612 1394
1612 949
1549 809
1549 520
1549 1075
1549 1161
1520 1532
1520 1358
1520 1530
1520 462
1520 610
1520 1290
1520 1021
1520 231
1520 149
1520 1279
1520 1278
1520 1259
1520 894
1520 1262
1520 271
1520 1998
1520 1208
1520 1604
1520 1662
1520 808
1520 359
1520 564
1520 977
1520 1741
1520 153
1520 749
1520 475
1520 1763
1520 1761
1520 1103
1520 701
1520 1488
1520 1495
1587 40
1587 1763
1587 1761
1587 2007
1244 66
1244 1731
1244 1733
1244 1729
1675 776
1675 694
1675 401
1417 1250
1417 1295
1674 776
1674 694
1674 401
1674 1675
136 942
136 1449
136 1132
442 2002
961 1419
961 1418
961 1415
961 1414
1628 1804
1903 1398
55 377
696 1206
797 798
208 611
1631 594
102 1163
1996 1383
1996 927
1848 435
1848 433
1848 1346
1848 1341
1848 1473
1848 1347
1848 341
1848 739
1900 937
1900 828
1900 833
1900 831
1900 1308
1900 1307
165 1158
165 199
165 1335
165 587
165 740
165 736
165 1603
165 655
165 210
165 870
165 1709
165 99
165 905
165 1878
1452 343
858 37
1087 1696
1087 1433
1087 292
1087 1525
1087 1929
1050 1485
1050 1046
1046 75
1046 1485
1391 476
1391 1440
1391 149
1391 1069
1391 1062
1391 1213
1391 1938
1391 1631
1236 328
1236 329
1955 1245
1955 558
911 912
1049 1046
1339 5
1339 478
1339 791
1339 1647
1339 908
1339 910
1339 1333
1339 1340
987 204
987 121
1340 1621
1340 5
1340 478
1340 791
1340 1647
1340 1416
1340 908
1340 910
1340 1333
1685 1726
1685 939
1685 685
1288 917
383 521
383 336
383 334
383 335
899 264
899 145
899 1824
899 1928
1131 1897
1131 29
1131 33
1131 35
1131 34
1234 480
1234 489
1234 817
1925 1909
1337 614
1508 1782
1508 1781
1508 1779
1508 1545
1508 1544
1508 1541
979 1038
979 26
979 30
354 1873
354 758
354 750
354 753
354 756
1261 965
1261 681
1261 676
721 1538
721 1539
721 56
133 1204
133 522
133 923
133 180
133 1608
134 1999
134 124
134 719
1439 1856
1464 1336
983 1405
983 1001
983 502
983 205
1435 1927
731 866
731 122
1495 610
1495 231
1495 1103
266 264
266 1012
266 62
266 1066
266 688
266 1412
129 457
129 585
129 661
1454 1513
1454 1516
1454 381
1454 1042
1454 1661
1161 520
333 1303
768 928
1827 1832
1827 1834
907 1177
907 909
1834 1832
1396 1007
1396 1677
1396 1679
1396 1678
1396 1392
699 1116
1392 1007
1392 1677
1392 1679
1392 1678
1223 513
1517 1968
1704 116
545 530
1059 485
1059 1647
1059 1057
1059 872
1059 1557
2009 1764
2009 854
150 582
150 712
454 267
454 218
454 1856
454 15
454 14
737 933
186 803
186 746
186 187
186 188
187 188
188 803
188 746
812 998
1326 919
1326 486
1326 2001
382 192
382 126
382 67
382 820
813 998
813 812
751 1056
751 1060
949 1394
1682 706
114 1162
114 1156
114 1157
387 542
387 1117
387 1019
387 162
387 112
1490 1497
1497 1411
1329 689
1329 211
27 1803
27 1143
27 1029
1809 1850
1809 1686
1186 1570
1186 1388
1186 1684
1537 1995
1537 1596
1537 1232
766 313
1235 1088
1235 273
1235 1055
1017 289
1017 1618
1017 1408
1017 1493
1017 1505
1017 561
1017 551
1017 1312
1904 278
1904 871
1684 1430
1684 74
1684 72
1684 1359
1684 596
360 355
1114 1024
1114 1025
1114 305
1114 1172
1114 1175
1114 1552
1114 1462
1114 1467
432 1325
432 1179
432 1164
1807 1808
1807 1806
1806 1808
1989 1028
1989 1904
1318 978
1318 1335
1312 289
241 1656
241 823
241 318
241 1243
241 951
241 285
643 1054
643 1263
643 887
643 1404
1074 1071
534 81
534 92
534 1184
534 741
1072 1071
1064 1071
1064 1074
1064 1063
141 1538
141 1539
141 721
141 56
1729 1731
1729 1733
399 5
399 478
399 791
399 1647
399 167
399 908
399 910
399 1333
399 1339
399 1340
1229 1856
637 641
